-0.3133403808303153
-0.15125453108313788
-0.3898314380818118
-0.5080014692614105
-0.477473085353426
-0.33543504075105135
-0.1604890790320076
-0.4146995369730081
-0.16973549956233402
-0.28489207943324263
-0.5676715077429502
-0.2114012687378082
-0.48325610899358407
-0.2858921616185966
-0.8567385136019461
-0.6914357534461557
-0.34916575109169157
-0.015882817404015422
-0.3137437625980233
-0.5062035091628937
-0.09960822752022531
-0.415609560568174
-0.5877426613734318
-0.282014805587799
-0.564874723569877
-0.31952404885932656
-0.31792066552154563
-0.30748678044665556
0.029936632694259092
-0.40744840892701484
-0.056504441051672086
-0.4036522070126402
-0.37670402889359844
-0.40237889132021076
-0.3948589014082325
-0.5474737521331723
-0.1382565229969167
-0.20894232177494443
0.03831962754620265
-0.3429820830882643
-0.3356610427172376
-0.08600412244194756
-0.2290189040270637
-0.3557514720003059
-0.13669197736147184
-0.2790838037105654
-0.1638795123770036
-0.44305778271959734
-0.391218157567042
-0.26820781622483203
-0.11927732498803757
-0.001306601173688602
-0.38646723498443364
-0.10843409728395255
-0.5547374172046748
-0.35393935443286006
0.0245955179403433
-0.2680639498232342
-0.00797771512603807
0.05771543008004335
-0.4301003440390049
-0.05108877577573724
-0.1251930313566494
-0.3095902048771135
-0.2466560211630056
0.013526171665467466
-0.4950673754400689
-0.4084491588394878
-0.2875462246020677
0.06089639069094853
-0.009319746540513056
0.057726167404494426
-0.260637425427524
-0.32904791033905095
-0.14428744472132327
-0.31983077130206555
-0.3863347736344058
-0.4372094545259754
-0.012489966543900631
-0.4801759508634512
-0.46169684912495745
-0.15940902670530976
-0.1536096308856394
-0.14875432561975288
-0.30947680108431264
-0.051492157543445174
-0.02273053296885271
-0.3496657921843685
-0.23251919495886927
-0.023961587531401665
-0.3302646563769556
-0.07407011408902643
0.0221669472405238
-0.5460341701904555
-0.46759581102573755
-0.06719308960046655
-0.3206697259465864
-0.36040639970199756
-0.16212573596321753
-0.4113126531170699
0.06089161708760736
-0.4581091456787148
-0.3833643960957407
-0.38952471563907287
-0.15025445218085046
0.02387231703415625
-0.02905859635624479
-0.3153732318003381
-0.514445166044869
-0.4228305069152409
-0.2359859903888783
-0.39601510611082297
-0.393180766841625
-0.37623667111716963
-0.3735612571094226
-0.05425899577912482
-0.43401061419023274
0.060892810488442625
-0.5959264904900847
-0.22044843432746827
-0.3266844538710793
-0.5122516830242231
-0.3956707360835169
-0.5168326321595058
-0.3080900815990824
-0.2966561143388384
-0.2599685797175983
-0.36904358278916877
-0.06093076474977059
-0.32388766969800636
-0.18674983369916248
-0.26999131345992294
-0.32796791623626426
-0.5173239850536707
-0.21539145374617336
-0.0212537548934343
-0.27973183879219793
-0.1995729072463075
-0.45308168235229396
-0.3608711677263986
-0.10013161381551496
-0.4329871868022661
-0.2789577615127348
-0.4498315474917692
-0.3238876696980063
-0.3652700616333543
-0.0253339984919876
-0.29782616997151784
-0.2860854802685347
-0.3604964582921858
-0.09525893363425876
0.004493874270682806
0.012140639438382953
-0.14209396170067712
-0.40556231279315996
-0.021450020015273928
-0.042734969928692426
-0.5138550663620038
-0.30668001691123964
-0.17517384559682897
-0.4968835592744744
-0.36510008818602874
-0.24583414093120612
-0.37403384998288786
-0.08769756436991667
-0.30900713625468
-0.3900247600148164
-0.2264387837065413
-0.13352349200108168
-0.18125952541276644
0.017435112928590554
-0.44267114248001654
-0.4788970009713578
-0.22311329224998586
-0.08867430135265815
-0.4564685662082323
-0.3582349329958591
0.013893099249443585
-0.017637113772271736
-0.05595243770709398
-0.07834367633751786
-0.14072751160157804
-0.406039011966291
-0.3880455999290848
-0.1638585539760616
-0.10148307251784845
-0.3255811149090419
-0.13353965837061366
0.04453551125507719
-0.27257143378044524
-0.5332328602498706
-0.39620842476076107
-0.4196664589641147
-0.36257653752003105
-0.4614354881993389
-0.4545818056303251
-0.1903300362050388
-0.20443418237599364
-0.38000085744241496
-0.30190641357007125
-0.17101895898781436
-0.21858501895217358
-0.4362547305746751
-0.37689734754356213
0.03668585886298306
-0.4171367362458557
-0.23291517037238094
-0.5169513077989827
-0.31859852662174776
-0.22493866042851035
-0.4091191733794903
-0.4953740978828078
-0.43060038513168186
-0.4639941764463429
-0.2383041283385569
-0.3257977754785261
-0.4299070286721334
-0.3385478854804988
-0.24245303565801588
-0.5891974227909809
-0.3666567811185845
-0.44484788431589745
0.03903566804737789
-0.25212320562521523
-0.4483314242137381
-0.43313327391131506
-0.44526060091417435
-0.031617063224822606
-0.4370907756034321
-0.14884438420994117
-0.5928463290768853
-0.7135003469257537
-0.1453715754938618
-0.1884199304245192
-0.24631661540401864
-0.5006243971140407
-0.129659912255079
-0.4187994902874617
-0.2877789221965038
-0.46093544710666184
-0.6984890990607764
-0.3707603699197504
-0.012645108652488656
-0.5107043282053029
-0.4236566439724799
-0.3624202081532975
-0.20932118950996295
-0.30871286459819575
-0.10662607044772655
-0.25455702074132913
-0.3506658743697226
-0.12440894857979369
-0.12027674601240568
0.04241776601459578
0.0063364851603738715
-0.47162882308340176
-0.32869395963848935
-0.30092967658732966
0.06089639069094853
-0.2167035425063216
-0.3690137449086633
-0.002034581825906402
0.0311592225344499
-0.4652928958930801
0.039977261306423414
-0.36841226760460954
-0.2676045117893387
0.05771901025548743
-0.6066437528051012
-0.15947312367237132
-0.33792510248138535
-0.3228035237804655
-0.23097901272384197
-0.004307463032286145
-0.5614878429970054
-0.4826333259944707
-0.34231206852267765
-0.5320999974668262
0.031496095962667225
-0.4461675855489963
-0.23476924435097365
-0.23376153423072116
-0.2526407396254814
-0.2889723230317959
-0.2868564479215815
-0.04731525461992282
-0.03228674561570989
0.06089639069094853
-0.42190813336917815
-0.2097078268098392
-0.36585001758316854
-0.22333527709072945
-0.26317099697278035
-0.31484050410834635
-0.1643585983518051
-0.3873545778210393
-0.18106620676282834
-0.37142919105891764
-0.29326923048289993
-0.12447632641142166
0.01574167100062139
-0.28207087985861207
-0.053975618538998474
-0.1012342916165664
-0.06191944482325921
-0.16646201949919653
-0.2173682729142689
-0.5073844838891877
0.060106359337985124
-0.37639849699207173
-0.3334348763803432
-0.6196506223662605
-0.12705645001501054
-0.16008978799551954
-0.304816601535945
-0.18075948432008934
-0.21331852880623434
-0.31436380821828197
-0.37759070728615163
-0.20682098404657798
-0.34182136554363624
-0.18679519521628296
-0.2029054453317406
-0.39735106288767696
-0.4522982673025573
0.01844179584872533
-0.17431578425356442
-0.42990702538906683
-0.19937720179469887
-0.5158318888131659
-0.8052289590344468
-0.3809775911420899
-0.12708150814948513
0.029130441114453273
-0.27944846155207154
-0.3568410441033045
-0.4062323273331625
-0.6211280464576625
-0.04981303642549963
0.01135831587528312
0.04616504749703604
-0.21632350594122618
-0.2093015354263673
-0.015130628199737161
0.06088565008343093
-0.36379328355793583
-0.3762881780180651
-0.24465585679229762
0.018923929786183437
-0.20035393877744032
-0.055533012771744286
-0.19673794653188445
0.03932034346216099
-0.5287659760683745
-0.2858921616185966
-0.3748172683156912
-0.5228944349564247
-0.3689081933953083
-0.2574152493149249
-0.25128353742070925
-0.01602840002054181
-0.3936376425538743
-0.45119492505745334
-0.3887346965714887
-0.48702029203576297
-0.3155338638509615
-0.10488187489377546
-0.38952471563907287
-0.2703779540428656
0.02089138012719527
-0.09077772578311606
0.05772617068756095
-0.1521412095012751
-0.26177061211926633
-0.3276958056207339
-0.2439298137334344
0.03652952629326443
0.060892810488442625
-0.5454735877624641
-0.3860865339752858
0.06089161708760736
-0.2801418245777533
-0.20851442925761354
-0.3660499861094044
-0.2560804859389063
-0.27820374127787695
-0.2836008381575254
-0.4917705501743188
-0.44425118061518487
-0.5514110746840506
-0.5023178390420099
-0.12977331604787973
-0.12158354735743211
-0.4265434867357411
-0.11906132557953931
-0.2737559334250386
-0.5162586125004198
-0.08033719697461779
-0.2110384901089634
-0.34269870582255385
0.028325875959279646
-0.42377004776528066
-0.11214915122459385
-0.13304679611101716
-0.412006012859685
-0.5892427813683965
-0.13254675501834023
-0.327381430672338
-0.36068977694212395
-0.18414636817602767
-0.12516968615403687
-0.391911517309657
-0.054065677129186716
-0.11717987984713536
-0.05053743687521152
-0.26749110799653775
-0.4310603276580999
0.03235262336974197
-0.381817037993754
-0.31600112959354426
-0.23408542567235133
-0.2978261699715179
0.06089161708760733
-0.5976939109844626
0.03318800395444653
-0.29056432917183184
-0.4146466745155215
-0.2288022401745131
0.058510782421199545
-0.28211864374584866
-0.19202347813300802
-0.3568262001358259
0.06089161708760736
-0.574421930252214
-0.5070013837929901
-0.3740105047802753
-0.339434563873052
0.03431402695811051
-0.01239990795371239
-0.4108137992825386
0.06089161708760736
0.002019948196432685
-0.2180943159731321
-0.6917618494107178
-0.34026710230508017
-0.07007441128480074
-0.42563346314057526
-0.2047409048187326
-0.08679414150953181
-0.14953774395255623
-0.6216106910303325
-0.48602020985040906
-0.6604835426717264
-0.4342743312040738
-0.28718288622291016
0.004113176121158082
-0.6252381283601646
-0.180282788430025
-0.3865050955611878
-0.4574466320791042
-0.3438169162625329
-0.4125293991549746
-0.4074937704441352
-0.31525048661083516
-0.12199946615064929
-0.3133637289726326
-0.08495135838293155
-0.1892899442042055
-0.5596244243386441
-0.7660466815679737
-0.24332357225179563
-0.5470342523758094
-0.057645879635063034
-0.3299680498935243
-0.4647695095977905
-0.6440258159990331
-0.15170495986944674
-0.218567696037944
-0.4459212773405413
-0.04323501102136941
-0.6654271194602204
-0.06599968548210795
0.04248101625886623
0.015339497778751047
-0.46890261565383057
-0.20618816563927692
-0.23596264518626575
-0.24560174373292018
-0.35302933083769417
-0.242953076750693
-0.4828803936205289
-0.501771932046188
-0.3498591108343066
-0.27944846155207154
-0.09932485028009898
-0.23309914762561712
-0.3883313148037807
-0.14953774395255626
-0.3235809472552674
-0.13065999444043291
-0.2712879776380314
0.018840939112564667
-0.4038688708651908
-0.04442841513972812
-0.5263791743977904
-0.276458362012127
-0.040154849608170076
-0.3418492235627023
-0.4700848083517183
-0.03690162664578457
-0.14162071052584913
-0.6087071367066318
-0.008421115711538153
-0.24845723596717814
-0.10081541406606843
-0.21686823182159184
-0.31503382275828445
0.057726167404494426
-0.4370674304008196
-0.21190130983048525
-0.14226037951625525
-0.2107079089951932
-0.3009743736603976
-0.4282135834610976
0.06088326328176029
-0.6494128642256793
-0.4705960608648662
-0.5280959648114385
-0.6820818654137569
-0.29235920688773426
-0.3375151199788966
-0.1668850246370521
-0.5574309413179979
-0.12588639109926442
-0.18777193219902424
-0.29646279568890016
-0.4392842586240782
0.052524136446522575
-0.12596395601086885
-0.0769748455794378
-0.22641543850392884
-0.06224826698655385
-0.3056727988916323
0.06089639069094853
-0.2581372199641389
-0.3261844127784024
-0.3933215819974999
-0.36257653752003105
-0.012370626460371424
-0.3733171450376857
-0.2964394504862875
-0.40742572816845457
-0.2773450371216136
-0.049202015197829976
-0.26852387643784464
0.02340927751006293
-0.18507907252975347
-0.3216941866773602
-0.010103164873316386
-0.32030746719213005
-0.6179684071102625
-0.2632175457480464
-0.4311004262243589
-0.4676191562283502
0.03198689532929092
-0.04717323377783346
-0.12089612390554534
-0.36357661970538513
-0.2470165758814145
0.03059300315366967
-0.020545422182122484
-0.2208553962976821
-0.4242794269715932
-0.15366334906822995
-0.20254742508115298
-0.24415581569962067
0.016109578993245943
-0.46676967396849856
-0.4186897219813733
-0.005329564815214521
-0.3123517712661172
-0.4624961117200071
-0.21254214150827874
-0.33362819503028135
-0.6304023373989321
-0.11290033830908815
-0.22235854010798806
-0.29901957080680996
0.033219681251770765
-0.5233736867085004
-0.406039011966291
-0.3759206105607951
-0.25648200371903684
-0.1459575414466798
-0.0033527423640524866
-0.5340629657048326
-0.42585013027619256
-0.3466592933729819
-0.37162370310969106
0.016004219184385646
-0.3758972653581825
-0.5806055982812253
-0.3187936998335074
-0.4224632431371877
-0.22214187625543727
-0.32937797798440244
-0.38358105666522485
-0.3186373704667734
-0.20443418237599362
-0.46228761325187506
-0.09294786360114969
-0.3208513051522894
-0.019008974064939413
0.030751725464763603
-0.38091021331046193
0.039214678172671755
-0.37742073383882613
-0.32002408995200365
-0.46623244002618647
-0.24145295347266194
-0.07826371848155335
-0.25011348176244563
-0.25277885635636693
0.04776007702896989
-0.3601569666420423
-0.18595915018752604
-0.42374670584573454
-0.43689745695349397
-0.2543870440109371
0.021243254994007685
-0.32464220450654
-0.534563010080576
-0.06738640496733815
-0.18824996026026006
-0.2230285546479905
-0.23950888508390222
-0.20424086372605546
-0.1395305551345385
0.016553189711309688
-0.33770843862883476
0.013412804728804385
-0.35832632047415236
-0.08698085942468899
-0.2838120823907513
-0.39605230224352467
-0.33703842408883217
-0.40365221029570675
-0.33592494105038195
-0.2111357925102113
-0.4060623538858371
-0.051178834365925484
-0.40009534970937644
-0.15872573084078065
-0.20117588213105
-0.09273305759348667
-0.15386228804430033
-0.45102970964502326
0.06088923028593672
-0.01135623575037311
-0.3554161325082784
-0.012088436478390764
-0.35135923411233766
-0.04791195503756886
-0.44952482833209684
-0.8845455120944747
-0.3761175216986183
-0.3221756132784366
-0.29882625215687186
-0.38364159800053904
-0.28977908656721185
-0.4710060400842884
-0.16331317922008926
-0.46245891887037205
-0.5096949079063131
-0.24259199010938004
-0.3221942277700372
0.057719010282549145
-0.08567170485106322
-0.0754568335742566
-0.2418496915067618
-0.5540207122594473
-0.43847749508866235
0.04681187403283092
-0.29018907235276714
-0.41172743379365834
-0.12631245362553262
-0.3838971172471833
-0.2914731929648175
-0.23457592570103558
-0.4691692211022417
-0.3475950543532253
-0.26441995254785877
-0.46215219314456657
-0.3155338638509615
-0.2143250946415843
-0.5997900702360874
-0.46177489395832594
-0.4786431409861056
-0.3720336856121798
-0.07096660747321444
-0.2579439045972674
-0.35682619719612124
0.060895197290113265
-0.32611383603490063
-0.46087887745213724
-0.2804251985348131
-0.16563672122064685
-0.3085667774891469
-0.20662767153932945
-0.22968747062853104
-0.5322912854188939
-0.2935526077230263
-0.21579483551388134
0.016771034679316434
-0.32558111162597536
-0.27149737302868227
-0.21975507458485302
0.060895197290113265
-0.4585486454360777
-0.4210765236519575
-0.3504492105171718
-0.2586826225739363
0.026101042409630217
-0.22692926530715685
0.06088565008343093
-0.4437511395225077
-0.15789154979960104
0.032742318058030885
-0.16216511204809256
-0.4304304116843564
-0.33801516107157364
-0.010513147375805233
-0.35233597109507914
0.05772617068756095
0.0019209020697929947
-0.4217698833945726
-0.25555709964361667
-0.2323824426803894
-0.23091581162108837
-0.30570327992849816
-0.2538870029182601
-0.04254165130433839
-0.4144161597328818
0.06089161708760736
-0.24123628962011115
-0.3126470210877002
-0.35472277276566333
-0.4177796983862075
-0.5212591258509638
-0.39818524392885657
-0.3145380263121657
-0.32677451246126754
-0.45287589459453054
-0.17132633687229296
-0.5053980004552092
0.017793133179178175
0.042492950267219096
-0.060361500265957005
-0.3597207354638668
0.05772617068756095
-0.5622650859944807
0.006194464318284505
-0.0096479317702184
0.02062029975798517
-0.6810757199431423
-0.1608010733214224
0.05772497728672569
-0.43734463558868436
-0.20405348750953553
-0.36088309559206194
-0.004800003184596837
-0.26541103205175903
-0.29288259318302384
-0.49427075563770384
0.06089161708760733
-0.30023631684471463
-0.3984019077814072
-0.25317029797303237
-0.23517922685346238
-0.2204717795556648
-0.37045364747701154
-0.0033527423640524866
-0.0191987186550613
-0.129659912255079
-0.26202414491275433
-0.4026521248272861
-0.3001545134292415
-0.13120473260617785
-0.24054292987749612
0.041661149885020524
-0.5939728748946427
-0.25846728760949056
-0.19469365704371858
-0.24172916416508686
-0.5802755339189404
-0.2828446835216454
-0.3804042359270565
-0.12592358723196614
-0.5049213045651446
-0.14074443834814862
-0.3506658743697226
0.03266768119025919
-0.53950658686907
-0.31047688326966666
-0.050395416033122156
-0.5018411431519454
-0.08039035877004387
-0.49637418006816186
-0.30021297458180674
-0.31722730577893066
-0.4048456078479324
-0.3573262382887982
-0.3387085208141888
-0.11295230056098927
-0.2679983156369163
-0.45587846652536695
0.05772139708421976
-0.44395460190549685
-0.2583538838166896
-0.2710713105024142
-0.5166713323817634
-0.43897753946440576
-0.07793369711809561
-0.3862244395153969
-0.4034588916457686
0.022301254150060047
-0.20618973028891488
-0.24283967295789205
-0.4122226767122357
-0.4786431409861056
-0.3403184123983082
-0.7531486783059054
-0.08923465236039375
-0.011989925451223647
-0.3685442061405441
0.06089400388927789
-0.290934292433085
-0.11276832002468673
-0.3769206927461491
-0.3393487127251863
-0.18839553959372002
-0.3460622444758796
-0.09719190859476701
-0.4062323273331625
-0.4399542731640808
-0.19271683787562316
-0.33324155773040515
-0.2535325628701783
-0.13901380028747773
-0.3801941728092866
-0.37023698362446084
-0.43060038513168186
-0.22572207876131373
-0.18599701076428007
-0.4549684429302013
-0.2562976848909294
0.06089161708760736
-0.645865345036051
-0.3219108505299108
-0.19519129904934582
0.03931437645798456
-0.03263219198781957
-0.3348449410681861
-0.4053456489406092
-0.354939436618214
-0.285698846251725
-0.3298546738744669
-0.6305117695109437
-0.1698489033551348
-0.24292973154808037
-0.1598869159962095
-0.289472364124473
0.028600755665871946
-0.3372883771032577
-0.3644632980979383
-0.39837856257879467
-0.49496411538031904
-0.4127227178049127
-0.11822594499483476
-0.3666567811185845
-0.5893018978826197
-0.02812590428789804
-0.375727291910857
-0.2806418623873637
-0.40675571362845203
-0.7821870826689099
-0.5375297677009745
-0.3995719666971533
-0.43501069965865335
-0.3585196391240903
0.05295376074722772
-0.2821186404627821
-0.2528869240159726
-0.36143445292065657
0.06089161708760733
-0.5352330213375123
-0.020560395150819213
-0.47406285629487516
-0.4798365418213977
-0.36904358278916877
-0.46828917076835264
-0.30668001691123964
0.015883691842710754
0.011012557883023686
-0.4974992042351086
-0.0666029866345348
-0.16620923765699094
-0.22285858120066498
0.020231897101663513
-0.20326412968301882
-0.3803338191350846
-0.5139684701548046
-0.3573355764024337
-0.20072780329027418
-0.31472776475959807
-0.29882625215687186
-0.17600922618153342
-0.5354377667501555
-0.29257587074028485
-0.27636830013887226
-0.373123826387722
-0.4636523164225976
-0.7061161516529533
-0.3800235349179086
-0.19462627921209047
-0.1166535839360819
-0.44086429675924654
-0.18844327562713195
-0.015513162483014266
-0.2964394504862875
-0.29813289241425667
-0.11313901847614656
-0.5512706217746657
-0.5149452071375462
-0.45273745395494713
-0.22455202312863415
-0.1972971225668535
-0.4554684840228783
-0.15452801114627532
-0.3484723913490763
0.0608963906909485
-0.6398361402884685
-0.3334348763803432
-0.2548964232172497
-0.4979542182033302
0.016694657025857738
-0.09435792828899249
-0.5621812027396205
-0.17679264779740328
-0.3985718812287328
-0.41673238465996437
-0.42205326063469895
0.05493057991532323
-0.05097953642643168
-0.41899644442411216
-0.20920778571716211
-0.7035824539708381
-0.33124446303348903
-0.3102602227001825
-0.1558407520650967
-0.34658563077116916
-0.4115293199093252
0.060891613804540834
-0.2198338513253617
-0.4669024512831225
-0.13044333058788235
-0.012744819223180727
-0.03755138408503519
-0.12628555893386223
-0.29716549354515087
-0.21636221758204885
-0.1536413327537221
0.035805778002225654
-0.37811409358144127
-0.37217625998181064
-0.17581590755717943
-0.1561981078716319
-0.7652861523248822
-0.28997240521715
-0.2607257125185772
-0.4090912174911877
-0.09514134662179581
-0.4846101484456327
-0.5640679633175276
-0.23357584351568147
-0.49946367959499666
-0.2983495562668074
0.056123980750615296
-0.37024207499381034
-0.31626248437647325
-0.4362606668654036
-0.12011270557274202
-0.030107601833156125
-0.3888918972317719
0.060895197290113265
-0.7180166677871445
-0.10377678278059028
-0.020215502309419722
-0.1693255170598452
-0.387497822777412
