307702.520723
253751.314123
412607.644668
427594.090946
361653.727324
406613.066157
373642.884346
253751.314123
454569.694247
373642.884346
283724.206679
421599.512435
340672.702535
253751.314123
343669.99179
388629.330624
295713.363701
343669.99179
364651.016579
253751.314123
340672.702535
331680.834768
274732.338912
358656.438068
337675.413279
388629.330624
445577.82648
433588.669457
325686.256257
340672.702535
331680.834768
415604.933924
463561.562013
373642.884346
388629.330624
337675.413279
673371.809904
298710.652956
262743.18189
430591.380202
307702.520723
406613.066157
607431.446281
433588.669457
322688.967001
253751.314123
430591.380202
592445.000003
340672.702535
415604.933924
379637.462857
481545.297547
313697.099234
439583.247969
325686.256257
328683.545512
421599.512435
442580.537224
346667.281046
367648.305835
472553.42978
385632.041368
448575.115735
421599.512435
379637.462857
403615.776902
379637.462857
373642.884346
361653.727324
337675.413279
379637.462857
403615.776902
343669.99179
394623.909135
337675.413279
382634.752113
343669.99179
298710.652956
307702.520723
331680.834768
445577.82648
427594.090946
256748.603378
379637.462857
391626.619879
595442.289259
244759.446356
397621.198391
409610.355413
493534.454569
436585.958713
343669.99179
346667.281046
463561.562013
403615.776902
433588.669457
463561.562013
319691.677746
337675.413279
349664.570301
352661.859557
340672.702535
253751.314123
364651.016579
277729.628167
463561.562013
253751.314123
379637.462857
415604.933924
253751.314123
358656.438068
319691.677746
343669.99179
298710.652956
382634.752113
415604.933924
394623.909135
337675.413279
337675.413279
364651.016579
421599.512435
256748.603378
256748.603378
319691.677746
403615.776902
484542.586802
235767.578589
439583.247969
370645.59509
379637.462857
340672.702535
256748.603378
394623.909135
370645.59509
331680.834768
232770.289334
433588.669457
433588.669457
343669.99179
364651.016579
406613.066157
238764.867845
430591.380202
340672.702535
316694.38849
475550.719036
382634.752113
340672.702535
403615.776902
355659.148812
