373830.899092
374063.577383
374198.181137
373928.973629
373928.973629
373606.07263
373606.07263
373928.973629
373879.936361
374063.577383
374288.403845
373471.468877
374557.611353
374239.366577
374655.68589
373830.899092
374014.540115
372691.063125
374288.403845
374014.540115
373879.936361
374337.441114
374337.441114
374521.082136
374014.540115
374521.082136
374337.441114
374014.540115
373422.431608
373928.973629
374521.082136
374198.181137
374337.441114
373928.973629
374423.007599
374655.68589
373422.431608
374337.441114
374149.143869
374337.441114
374655.68589
374472.044868
374014.540115
373879.936361
374063.577383
374337.441114
374472.044868
373928.973629
373507.998094
373471.468877
372135.483835
374942.057672
371555.88338
374472.044868
370834.567394
375211.26518
372993.604244
374068.233606
375162.227911
372993.604244
373757.840659
373025.477238
373189.753317
375130.354917
370232.40639
373789.713653
373013.964124
375284.323614
373830.899092
374427.663822
374402.647719
372776.62961
377002.29942
375211.26518
375338.017105
375015.116106
375835.246681
373745.332607
373153.2241
375619.732664
373153.2241
374035.365674
373801.226767
371257.003546
375727.859698
373291.48914
374472.044868
374063.577383
374300.911897
373675.935458
373593.564579
375485.12891
374942.057672
373598.220802
375619.732664
375399.562425
375130.354917
374120.93216
375350.525156
374423.007599
367515.481911
356527.535502
369790.242738
365754.605163
370123.980378
365872.573901
371249.847678
366272.449505
347734.39562
363365.619949
343053.421726
351114.982331
379526.432015
364897.224806
354996.690184
335157.597818
344830.276505
365731.069164
356738.373809
360125.562525
354200.032029
353562.336746
353279.415455
349793.431637
348853.935287
359018.849375
355080.948385
372981.537266
321874.932232
346439.341133
360657.120649
351296.378593
365675.704262
355479.172065
350371.615567
375054.287066
373243.887883
356192.170543
346469.542717
356835.982666
374722.857765
344001.764843
336606.218902
360028.272132
354900.311662
336356.842016
352301.12564
338603.709599
334554.314149
347052.593664
